1.600582604921646e-10
1.991957664461097e-10
2.099033923635736e-10
1.894534977638252e-10
1.778023587934092e-10
1.344675475110195e-10
1.323434595784347e-10
1.158441137725514e-10
1.409127110838975e-10
1.323643061021964e-10
1.362658226316711e-10
1.058885208437435e-10
9.762279962023171e-11
1.059744477617003e-10
1.01744540058741e-10
1.224119328128403e-10
1.279937609437982e-10
1.136618488534983e-10
1.1038334142436e-10
1.472586882182835e-10
2.033565251819835e-10
1.467634235172732e-10
8.143714067329419e-11
5.46840071984848e-11
4.211132036742564e-11
5.428149676620374e-11
7.830377913121372e-11
9.86340786112473e-11
1.017624943422706e-10
7.339958621589407e-11
6.080460476364644e-11
5.846486106519528e-11
4.987390320723729e-11
6.437772955621743e-11
6.240694956281139e-11
1.900601320878721e-11
2.241289475139144e-11
2.878982814374856e-11
6.227420286386936e-11
9.537347364278888e-11
1.451793553688047e-10
1.971044801522646e-10
2.082492344318949e-10
2.398678769819149e-10
2.494300000464759e-10
2.628662703917423e-10
2.374791550715781e-10
2.286540097964248e-10
2.156373156360327e-10
2.181394199920092e-10
2.365774437039974e-10
3.112394311077116e-10
2.9613223864307e-10
3.108394711069622e-10
3.572713752035441e-10
6.248652075324698e-10
7.170454993269063e-10
7.26099549071243e-10
9.051280284268982e-10
8.309100880955435e-10
9.123736137494761e-10
5.600596215552585e-10
4.549770949504911e-10
5.975105223898902e-10
6.747513907139265e-10
5.969642196128116e-10
7.857257103057391e-10
7.857257103057391e-10
7.870173736832057e-10
8.519822403690989e-10
6.86625859322682e-10
3.85663681896443e-10
2.73635943464529e-10
5.660228101369784e-10
3.841064699687309e-10
2.766096547177054e-10
2.60788721916474e-10
2.044742627647215e-10
2.206291964275022e-10
2.734843173753597e-10
2.549460111548492e-10
2.615709106990172e-10
2.206544131570044e-10
1.719296000012703e-10
1.853145812727473e-10
1.745637471386901e-10
1.962360516355531e-10
1.348316338905438e-10
1.124009154115256e-10
9.807086738802571e-11
1.222734064900094e-10
1.232176474644495e-10
1.5550469587039e-10
1.221136282946943e-10
1.509181564341543e-10
1.319458795463616e-10
1.929017552193274e-10
2.146639135642732e-10
3.37429499218614e-10
1.985385204628021e-10
1.579907475165435e-10
2.16557095584258e-10
1.927647515612677e-10
1.944628126785371e-10
3.360609607778536e-10
3.612191459348813e-10
2.917609008759276e-10
2.920849155414138e-10
1.964740037330158e-10
